1589796710358 1589796710669 ,
1589797008528 1589797008843 ,
1589797308482 1589797308801 ,
1589797608669 1589797608983 ,
1589797908704 1589797909021 ,
1589798196356 1589798196661 ,
1589798379469 1589798379776 ,
1589798431091 1589798431398 ,
1589798453728 1589798454034 ,
1589798476339 1589798476641 ,
1589798498994 1589798499299 ,
1589798581433 1589798581737 ,
1589798663846 1589798664156 ,
1589798809171 1589798809481 ,
1589799109272 1589799109577 ,
1589799229208 1589799229518 ,
1589799395782 1589799396089 ,
1589799419603 1589799419908 ,
1589799476539 1589799476846 ,
1589799709414 1589799709719 ,
1589799905725 1589799906030 ,
1589800009621 1589800009924 ,
1589800231148 1589800231451 ,
1589800253923 1589800254226 ,
1589800276573 1589800276877 ,
1589800299132 1589800299437 ,
1589800441692 1589800441995 ,
1589800609474 1589800609777 ,
1589800709228 1589800709532 ,
1589800909641 1589800909944 ,
1589801209796 1589801210094 ,
1589801448495 1589801448799 ,
1589801509743 1589801510048 ,
1589801809787 1589801810091 ,
1589802030903 1589802031209 ,
1589802053631 1589802053935 ,
1589802076233 1589802076534 ,
1589802099018 1589802099322 ,
1589802121708 1589802122012 ,
1589802271007 1589802271311 ,
1589802360141 1589802360445 ,
1589802409896 1589802410200 ,
1589802585493 1589802585794 ,
1589802710494 1589802710799 ,
1589803010518 1589803010820 ,
1589803310536 1589803310840 ,
1589803610555 1589803610856 ,
1589803830967 1589803831271 ,
1589803853625 1589803853930 ,
1589803876320 1589803876622 ,
1589803899113 1589803899416 ,
1589803921723 1589803922025 ,
1589803948004 1589803948308 ,
1589804211390 1589804211694 ,
1589804511441 1589804511745 ,
1589804811727 1589804812032 ,
1589805110971 1589805111276 ,
1589805411540 1589805411840 ,
1589805631234 1589805631537 ,
1589805654074 1589805654375 ,
1589805676696 1589805676999 ,
1589805699289 1589805699591 ,
1589805722048 1589805722351 ,
1589805856140 1589805856444 ,
1589805886348 1589805886651 ,
1589805961442 1589805961744 ,
1589806011187 1589806011488 ,
1589806312158 1589806312469 ,
1589806610575 1589806610878 ,
1589806911449 1589806911753 ,
1589807211727 1589807212031 ,
1589807430962 1589807431267 ,
1589807453640 1589807453942 ,
1589807476295 1589807476596 ,
1589807499155 1589807499459 ,
1589807521812 1589807522113 ,
1589807804007 1589807804312 ,
1589808111773 1589808112075 ,
1589808412160 1589808412463 ,
1589808712252 1589808712555 ,
1589809012123 1589809012426 ,
1589809053302 1589809053605 ,
1589809230990 1589809231294 ,
1589809253747 1589809254049 ,
1589809276495 1589809276798 ,
1589809299151 1589809299456 ,
1589809321906 1589809322208 ,
1589809612574 1589809612875 ,
1589809900127 1589809900432 ,
1589809922820 1589809923121 ,
1589810074161 1589810074465 ,
1589810212318 1589810212621 ,
1589810512679 1589810512983 ,
1589810814095 1589810814397 ,
1589811031461 1589811031762 ,
1589811054227 1589811054531 ,
1589811077135 1589811077439 ,
1589811100219 1589811100523 ,
1589811122913 1589811123217 ,
1589811413483 1589811413786 ,
1589811713260 1589811713564 ,
1589811879742 1589811880042 ,
