1589825216988 1589825217443 , +0% 24808/com.example.proj_flutter_java: 0% user + 0% kernel,
1589825305021 1589825306610 , +0% 24808/com.example.proj_flutter_java: 0% user + 0% kernel,
1589825431125 1589825432905 ,
1589825455201 1589825455657 ,
1589825478022 1589825478472 ,
1589825500725 1589825501175 ,
1589825523720 1589825524173 ,
1589825817898 1589825819672 ,
1589826117848 1589826118295 ,
1589826418035 1589826418487 ,
1589826718267 1589826718717 ,
1589826934105 1589826935677 ,
1589827018179 1589827018630 ,
1589827231350 1589827231797 ,
1589827254105 1589827255701 ,
1589827277956 1589827278404 ,
1589827300743 1589827301189 ,
1589827323511 1589827325091 ,
1589827619993 1589827620455 ,
1589827921559 1589827922013 ,
1589828220682 1589828221137 ,
1589828434268 1589828434728 ,
1589828521506 1589828521958 ,
1589828821486 1589828821943 ,
1589829031128 1589829031582 ,
1589829053952 1589829055591 ,
1589829078070 1589829078524 ,
1589829101014 1589829102616 ,
1589829125081 1589829125534 ,
1589829230077 1589829230531 ,
1589829421052 1589829421506 ,
1589829721224 1589829721682 ,
1589830022626 1589830023080 ,
1589830321733 1589830323349 ,
1589830621818 1589830623460 ,
1589830831701 1589830832154 ,
1589830854672 1589830855123 ,
1589830877495 1589830877947 ,
1589830900267 1589830902083 ,
1589830924752 1589830925205 ,
1589831222177 1589831222631 ,
1589831437310 1589831437754 ,
1589831521012 1589831521466 ,
1589831822090 1589831822545 ,
1589832121927 1589832122379 ,
1589832421397 1589832421848 ,
1589832631000 1589832631456 ,
1589832653908 1589832654359 ,
1589832676751 1589832677203 ,
1589832699750 1589832700202 ,
1589832722611 1589832723063 ,
1589833021731 1589833022187 ,
1589833322262 1589833322715 ,
1589833621456 1589833621913 ,
1589833921936 1589833922388 ,